E=2.7182818284590452354
Pi=3.1415926535897932385